10000000100000001000000010000000 000000001010 0 000000000000 UUUUUUUUUUUUUU
10000000100000001000000010000000 000000001010 0 000000000000 UUUUUUUUUUUUUU
10000000100000001000000010000000 000000001010 0 000000000000 UUUUUUUUUUUUUU
10000000100000001000000010000000 000000001010 0 000000000000 00000000000000
10000000100000001000000010000000 000000001010 0 000000000000 00000000000000
10000000100000001000000010000000 000000001010 0 000000000000 00000000000000
10000000100000001000000010000000 000000001010 0 000000000000 00000000000000
10000000100000001000000010000000 000000001010 0 000000000000 00000000000000
10000000100000001000000010000000 000000001010 0 000000000000 00000000000000
10000000100000001000000010000000 000000001010 0 000000000000 00000000000000
10000000100000001000000010000000 000000001010 0 000000000000 00000000000000
10000000100000001000000010000000 000000001010 0 000000000000 00000000000000
10000000100000001000000010000000 000000001010 0 000000000000 00000000000000
10000000100000001000000010000000 000000001010 0 000000000000 00000000000000
10000000100000001000000010000000 000000001010 0 000000000000 00000000000000
10000000100000001000000010000000 000000001010 0 000000000000 00000000000000
10000000100000001000000010000000 000000001010 0 000000000000 00000000000000
10000000100000001000000010000000 000000001010 0 000000000000 00000000000000
10000000100000001000000010000000 000000001010 0 000000000000 00000000000000
10000000100000001000000010000000 000000001010 0 000000000000 00000000000000
10100000011000001000000010000000 000000001010 0 000000000000 00000000000000
10000000100000001000000010000000 000000001010 0 000000000000 00000000000000
10000000100000001000000010000000 000000001010 0 000000000000 00000000000000
10000000100000001000000010000000 000000001010 0 000000000000 00000000000000
10000000100000001000000010000000 000000001010 0 000000000000 00000000000000
10000000100000001000000010000000 000000001010 0 000000000000 00000000000000
10000000100000001000000010000000 000000001010 0 000000000000 00000000000000
10000000100000001000000010000000 000000001010 0 000000000000 00000000000000
10000000100000001000000010000000 000000001010 0 000000000000 00000000000000
10000000100000001000000010000000 000000001010 0 000000000000 00000000000000
10000000100000001000000010000000 000000001010 0 000000000000 00000000000000
10000000100000001000000010000000 000000001010 0 000000000000 00000000000000
10000000100000001000000010000000 000000001010 0 000000000000 00000000000000
10000000100000001000000010000000 000000001010 0 000000000000 00000000000100
10000000100000001000000010000000 000000001010 0 000000000000 00000001000101
10000000100000001000000010000000 000000001010 0 000000000000 00000001001110
10000000100000001000000010000000 000000001010 1 110000000000 00000001001110
10000000100000001000000010000000 000000001010 0 110000000000 00000001001011
10000000100000001000000010000000 000000001010 0 110000000000 00000000001010
10000000100000001000000010000000 000000001010 0 110000000000 00000000000000
10000000100000001000000010000000 000000001010 0 110000000000 00000000000000
10000000100000001000000010000000 000000001010 0 110000000000 00000000000000
10000000100000001000000010000000 000000001010 0 110000000000 00000000000000
10000000100000001000000010000000 000000001010 0 110000000000 00000000000000
10000000100000001000000010000000 000000001010 0 110000000000 00000000000000
10000000100000001000000010000000 000000001010 0 110000000000 00000000000000
10000000100000001000000010000000 000000001010 0 110000000000 00000000000000
10000000100000001000000010000000 000000001010 0 110000000000 00000000000000
10000000100000001000000010000000 000000001010 0 110000000000 00000000000000
10000000100000001000000010000000 000000001010 0 110000000000 00000000000000
10000000100000001000000010000000 000000001010 0 110000000000 00000000000000
10000000100000001000000010000000 000000001010 0 110000000000 00000000000000
10000000100000001000000010000000 000000001010 0 110000000000 00000000000000
10000000100000001000000010000000 000000001010 0 110000000000 00000000000000
10000000100000001000000010000000 000000001010 0 110000000000 00000000000000
10000000100000001000000010000000 000000001010 0 110000000000 00000000000000
10000000100000001000000010000000 000000001010 0 110000000000 00000000000000
10000000100000001000000010000000 000000001010 0 110000000000 00000000000000
10000000100000001000000010000000 000000001010 0 110000000000 00000000000000
10000000100000001000000010000000 000000001010 0 110000000000 00000000000000
10000000100000001000000010000000 000000001010 0 110000000000 00000000000000
10000000100000001000000010000000 000000001010 0 110000000000 00000000000000
10000000100000001000000010000000 000000001010 0 110000000000 00000000000000
10000000100000001000000010000000 000000001010 0 110000000000 00000000000000
10000000100000001000000010000000 000000001010 0 110000000000 00000000000000
10000000100000001000000010000000 000000001010 0 110000000000 00000000000000
10000000100000001000000010000000 000000001010 0 110000000000 00000000000000
10000000100000001000000010000000 000000001010 0 110000000000 00000000000000
10000000100000001000000010000000 000000001010 0 110000000000 00000000000000
10000000100000001000000010000000 000000001010 0 110000000000 00000000000000
10000000100000001000000010000000 000000001010 0 110000000000 00000000000000
10000000100000001000000010000000 000000001010 0 110000000000 00000000000000
10000000100000001000000010000000 000000001010 0 110000000000 00000000000000
10000000100000001000000010000000 000000001010 0 110000000000 00000000000000
10000000100000001000000010000000 000000001010 0 110000000000 00000000000000
10000000100000001000000010000000 000000001010 0 110000000000 00000000000000
10000000100000001000000010000000 000000001010 0 110000000000 00000000000000
10000000100000001000000010000000 000000001010 0 110000000000 00000000000000
10000000100000001000000010000000 000000001010 0 110000000000 00000000000000
10000000100000001000000010000000 000000001010 0 110000000000 00000000000000
10000000100000001000000010000000 000000001010 0 110000000000 00000000000000
10000000100000001000000010000000 000000001010 0 110000000000 00000000000000
10000000100000001000000010000000 000000001010 0 110000000000 00000000000000
10000000100000001000000010000000 000000001010 0 110000000000 00000000000000
10000000100000001000000010000000 000000001010 0 110000000000 00000000000000
10000000100000001000000010000000 000000001010 0 110000000000 00000000000000
10000000100000001000000010000000 000000001010 0 110000000000 00000000000000
10000000100000001000000010000000 000000001010 0 110000000000 00000000000000
10000000100000001000000010000000 000000001010 0 110000000000 00000000000000
10000000100000001000000010000000 000000001010 0 110000000000 00000000000000
10000000100000001000000010000000 000000001010 0 110000000000 00000000000000
10000000100000001000000010000000 000000001010 0 110000000000 00000000000000
10000000100000001000000010000000 000000001010 0 110000000000 00000000000000
10000000100000001000000010000000 000000001010 0 110000000000 00000000000000
10000000100000001000000010000000 000000001010 0 110000000000 00000000000000
10000000100000001000000010000000 000000001010 0 110000000000 00000000000000
10000000100000001000000010000000 000000001010 0 110000000000 00000000000000
10000000100000001000000010000000 000000001010 0 110000000000 00000000000000
10000000100000001000000010000000 000000001010 0 110000000000 00000000000000
10000000100000001000000010000000 000000001010 0 110000000000 00000000000000
10000000100000001000000010000000 000000001010 0 110000000000 00000000000000
10000000100000001000000010000000 000000001010 0 110000000000 00000000000000
10000000100000001000000010000000 000000001010 0 110000000000 00000000000000
10000000100000001000000010000000 000000001010 0 110000000000 00000000000000
10000000100000001000000010000000 000000001010 0 110000000000 00000000000000
10000000100000001000000010000000 000000001010 0 110000000000 00000000000000
10000000100000001000000010000000 000000001010 0 110000000000 00000000000000
10000000100000001000000010000000 000000001010 0 110000000000 00000000000000
10000000100000001000000010000000 000000001010 0 110000000000 00000000000000
10000000100000001000000010000000 000000001010 0 110000000000 00000000000000
10000000100000001000000010000000 000000001010 0 110000000000 00000000000000
10000000100000001000000010000000 000000001010 0 110000000000 00000000000000
10000000100000001000000010000000 000000001010 0 110000000000 00000000000000
10000000100000001000000010000000 000000001010 0 110000000000 00000000000000
10000000100000001000000010000000 000000001010 0 110000000000 00000000000000
10000000100000001000000010000000 000000001010 0 110000000000 00000000000000
10000000100000001000000010000000 000000001010 0 110000000000 00000000000000
10000000100000001000000010000000 000000001010 0 110000000000 00000000000000
10000000100000001000000010000000 000000001010 0 110000000000 00000000000000
10000000100000001000000010000000 000000001010 0 110000000000 00000000000000
10000000100000001000000010000000 000000001010 0 110000000000 00000000000000
10000000100000001000000010000000 000000001010 0 110000000000 00000000000000
10000000100000001000000010000000 000000001010 0 110000000000 00000000000000
10000000100000001000000010000000 000000001010 0 110000000000 00000000000000
10000000100000001000000010000000 000000001010 0 110000000000 00000000000000
10000000100000001000000010000000 000000001010 0 110000000000 00000000000000
10000000100000001000000010000000 000000001010 0 110000000000 00000000000000
10000000100000001000000010000000 000000001010 0 110000000000 00000000000000
10000000100000001000000010000000 000000001010 0 110000000000 00000000000000
10000000100000001000000010000000 000000001010 0 110000000000 00000000000000
10000000100000001000000010000000 000000001010 0 110000000000 00000000000000
10000000100000001000000010000000 000000001010 0 110000000000 00000000000000
10000000100000001000000010000000 000000001010 0 110000000000 00000000000000
10000000100000001000000010000000 000000001010 0 110000000000 00000000000000
10000000100000001000000010000000 000000001010 0 110000000000 00000000000000
10000000100000001000000010000000 000000001010 0 110000000000 00000000000000
10000000100000001000000010000000 000000001010 0 110000000000 00000000000000
10000000100000001000000010000000 000000001010 0 110000000000 00000000000000
10000000100000001000000010000000 000000001010 0 110000000000 00000000000000
10000000100000001000000010000000 000000001010 0 110000000000 00000000000000
10000000100000001000000010000000 000000001010 0 110000000000 00000000000000
10000000100000001000000010000000 000000001010 0 110000000000 00000000000000
10000000100000001000000010000000 000000001010 0 110000000000 00000000000000
10000000100000001000000010000000 000000001010 0 110000000000 00000000000000
10000000100000001000000010000000 000000001010 0 110000000000 00000000000000
10000000100000001000000010000000 000000001010 0 110000000000 00000000000000
10000000100000001000000010000000 000000001010 0 110000000000 00000000000000
10000000100000001000000010000000 000000001010 0 110000000000 00000000000000
10000000100000001000000010000000 000000001010 0 110000000000 00000000000000
10000000100000001000000010000000 000000001010 0 110000000000 00000000000000
10000000100000001000000010000000 000000001010 0 110000000000 00000000000000
10000000100000001000000010000000 000000001010 0 110000000000 00000000000000
10000000100000001000000010000000 000000001010 0 110000000000 00000000000000
10000000100000001000000010000000 000000001010 0 110000000000 00000000000000
10000000100000001000000010000000 000000001010 0 110000000000 00000000000000
10000000100000001000000010000000 000000001010 0 110000000000 00000000000000
10000000100000001000000010000000 000000001010 0 110000000000 00000000000000
10000000100000001000000010000000 000000001010 0 110000000000 00000000000000
10000000100000001000000010000000 000000001010 0 110000000000 00000000000000
10000000100000001000000010000000 000000001010 0 110000000000 00000000000000
10000000100000001000000010000000 000000001010 0 110000000000 00000000000000
10000000100000001000000010000000 000000001010 0 110000000000 00000000000000
10000000100000001000000010000000 000000001010 0 110000000000 00000000000000
10000000100000001000000010000000 000000001010 0 110000000000 00000000000000
10000000100000001000000010000000 000000001010 0 110000000000 00000000000000
10000000100000001000000010000000 000000001010 0 110000000000 00000000000000
10000000100000001000000010000000 000000001010 0 110000000000 00000000000000
10000000100000001000000010000000 000000001010 0 110000000000 00000000000000
10000000100000001000000010000000 000000001010 0 110000000000 00000000000000
10000000100000001000000010000000 000000001010 0 110000000000 00000000000000
10000000100000001000000010000000 000000001010 0 110000000000 00000000000000
10000000100000001000000010000000 000000001010 0 110000000000 00000000000000
10000000100000001000000010000000 000000001010 0 110000000000 00000000000000
10000000100000001000000010000000 000000001010 0 110000000000 00000000000000
10000000100000001000000010000000 000000001010 0 110000000000 00000000000000
10000000100000001000000010000000 000000001010 0 110000000000 00000000000000
10000000100000001000000010000000 000000001010 0 110000000000 00000000000000
10000000100000001000000010000000 000000001010 0 110000000000 00000000000000
10000000100000001000000010000000 000000001010 0 110000000000 00000000000000
10000000100000001000000010000000 000000001010 0 110000000000 00000000000000
10000000100000001000000010000000 000000001010 0 110000000000 00000000000000
10000000100000001000000010000000 000000001010 0 110000000000 00000000000000
10000000100000001000000010000000 000000001010 0 110000000000 00000000000000
10000000100000001000000010000000 000000001010 0 110000000000 00000000000000
10000000100000001000000010000000 000000001010 0 110000000000 00000000000000
10000000100000001000000010000000 000000001010 0 110000000000 00000000000000
10000000100000001000000010000000 000000001010 0 110000000000 00000000000000
10000000100000001000000010000000 000000001010 0 110000000000 00000000000000
10000000100000001000000010000000 000000001010 0 110000000000 00000000000000
10000000100000001000000010000000 000000001010 0 110000000000 00000000000000
10000000100000001000000010000000 000000001010 0 110000000000 00000000000000
10000000100000001000000010000000 000000001010 0 110000000000 00000000000000
10000000100000001000000010000000 000000001010 0 110000000000 00000000000000
10000000100000001000000010000000 000000001010 0 110000000000 00000000000000
10000000100000001000000010000000 000000001010 0 110000000000 00000000000000
10000000100000001000000010000000 000000001010 0 110000000000 00000000000000
10000000100000001000000010000000 000000001010 0 110000000000 00000000000000
10000000100000001000000010000000 000000001010 0 110000000000 00000000000000
10000000100000001000000010000000 000000001010 0 110000000000 00000000000000
10000000100000001000000010000000 000000001010 0 110000000000 00000000000000
10000000100000001000000010000000 000000001010 0 110000000000 00000000000000
10000000100000001000000010000000 000000001010 0 110000000000 00000000000000
10000000100000001000000010000000 000000001010 0 110000000000 00000000000000
10000000100000001000000010000000 000000001010 0 110000000000 00000000000000
10000000100000001000000010000000 000000001010 0 110000000000 00000000000000
10000000100000001000000010000000 000000001010 0 110000000000 00000000000000
10000000100000001000000010000000 000000001010 0 110000000000 00000000000000
10000000100000001000000010000000 000000001010 0 110000000000 00000000000000
10000000100000001000000010000000 000000001010 0 110000000000 00000000000000
10000000100000001000000010000000 000000001010 0 110000000000 00000000000000
10000000100000001000000010000000 000000001010 0 110000000000 00000000000000
10000000100000001000000010000000 000000001010 0 110000000000 00000000000000
10000000100000001000000010000000 000000001010 0 110000000000 00000000000000
10000000100000001000000010000000 000000001010 0 110000000000 00000000000000
10000000100000001000000010000000 000000001010 0 110000000000 00000000000000
10000000100000001000000010000000 000000001010 0 110000000000 00000000000000
10000000100000001000000010000000 000000001010 0 110000000000 00000000000000
10000000100000001000000010000000 000000001010 0 110000000000 00000000000000
10000000100000001000000010000000 000000001010 0 110000000000 00000000000000
10000000100000001000000010000000 000000001010 0 110000000000 00000000000000
10000000100000001000000010000000 000000001010 0 110000000000 00000000000000
10000000100000001000000010000000 000000001010 0 110000000000 00000000000000
10000000100000001000000010000000 000000001010 0 110000000000 00000000000000
10000000100000001000000010000000 000000001010 0 110000000000 00000000000000
10000000100000001000000010000000 000000001010 0 110000000000 00000000000000
10000000100000001000000010000000 000000001010 0 110000000000 00000000000000
10000000100000001000000010000000 000000001010 0 110000000000 00000000000000
10000000100000001000000010000000 000000001010 0 110000000000 00000000000000
10000000100000001000000010000000 000000001010 0 110000000000 00000000000000
10000000100000001000000010000000 000000001010 0 110000000000 00000000000000
10000000100000001000000010000000 000000001010 0 110000000000 00000000000000
10000000100000001000000010000000 000000001010 0 110000000000 00000000000000
10000000100000001000000010000000 000000001010 0 110000000000 00000000000000
10000000100000001000000010000000 000000001010 0 110000000000 00000000000000
10000000100000001000000010000000 000000001010 0 110000000000 00000000000000
10000000100000001000000010000000 000000001010 0 110000000000 00000000000000
10000000100000001000000010000000 000000001010 0 110000000000 00000000000000
10000000100000001000000010000000 000000001010 0 110000000000 00000000000000
10000000100000001000000010000000 000000001010 0 110000000000 00000000000000
10000000100000001000000010000000 000000001010 0 110000000000 00000000000000
10000000100000001000000010000000 000000001010 0 110000000000 00000000000000
10000000100000001000000010000000 000000001010 0 110000000000 00000000000000
10000000100000001000000010000000 000000001010 0 110000000000 00000000000000
10000000100000001000000010000000 000000001010 0 110000000000 00000000000000
10000000100000001000000010000000 000000001010 0 110000000000 00000000000000
10000000100000001000000010000000 000000001010 0 110000000000 00000000000000
10000000100000001000000010000000 000000001010 0 110000000000 00000000000000
10000000100000001000000010000000 000000001010 0 110000000000 00000000000000
10000000100000001000000010000000 000000001010 0 110000000000 00000000000000
10000000100000001000000010000000 000000001010 0 110000000000 00000000000000
10000000100000001000000010000000 000000001010 0 110000000000 00000000000000
10000000100000001000000010000000 000000001010 0 110000000000 00000000000000
10000000100000001000000010000000 000000001010 0 110000000000 00000000000000
10000000100000001000000010000000 000000001010 0 110000000000 00000000000000
10000000100000001000000010000000 000000001010 0 110000000000 00000000000000
10000000100000001000000010000000 000000001010 0 110000000000 00000000000000
10000000100000001000000010000000 000000001010 0 110000000000 00000000000000
10000000100000001000000010000000 000000001010 0 110000000000 00000000000000
10000000100000001000000010000000 000000001010 0 110000000000 00000000000000
10000000100000001000000010000000 000000001010 0 110000000000 00000000000000
10000000100000001000000010000000 000000001010 0 110000000000 00000000000000
10000000100000001000000010000000 000000001010 0 110000000000 00000000000000
10000000100000001000000010000000 000000001010 0 110000000000 00000000000000
10000000100000001000000010000000 000000001010 0 110000000000 00000000000000
10000000100000001000000010000000 000000001010 0 110000000000 00000000000000
10000000100000001000000010000000 000000001010 0 110000000000 00000000000000
10000000100000001000000010000000 000000001010 0 110000000000 00000000000000
10000000100000001000000010000000 000000001010 0 110000000000 00000000000000
10000000100000001000000010000000 000000001010 0 110000000000 00000000000000
10000000100000001000000010000000 000000001010 0 110000000000 00000000000000
10000000100000001000000010000000 000000001010 0 110000000000 00000000000000
10000000100000001000000010000000 000000001010 0 110000000000 00000000000000
10000000100000001000000010000000 000000001010 0 110000000000 00000000000000
10000000100000001000000010000000 000000001010 0 110000000000 00000000000000
10000000100000001000000010000000 000000001010 0 110000000000 00000000000000
10000000100000001000000010000000 000000001010 0 110000000000 00000000000000
10000000100000001000000010000000 000000001010 0 110000000000 00000000000000
10000000100000001000000010000000 000000001010 0 110000000000 00000000000000
10000000100000001000000010000000 000000001010 0 110000000000 00000000000000
10000000100000001000000010000000 000000001010 0 110000000000 00000000000000
10000000100000001000000010000000 000000001010 0 110000000000 00000000000000
10000000100000001000000010000000 000000001010 0 110000000000 00000000000000
10000000100000001000000010000000 000000001010 0 110000000000 00000000000000
10000000100000001000000010000000 000000001010 0 110000000000 00000000000000
10000000100000001000000010000000 000000001010 0 110000000000 00000000000000
10000000100000001000000010000000 000000001010 0 110000000000 00000000000000
10000000100000001000000010000000 000000001010 0 110000000000 00000000000000
10000000100000001000000010000000 000000001010 0 110000000000 00000000000000
10000000100000001000000010000000 000000001010 0 110000000000 00000000000000
10000000100000001000000010000000 000000001010 0 110000000000 00000000000000
10000000100000001000000010000000 000000001010 0 110000000000 00000000000000
10000000100000001000000010000000 000000001010 0 110000000000 00000000000000
10000000100000001000000010000000 000000001010 0 110000000000 00000000000000
10000000100000001000000010000000 000000001010 0 110000000000 00000000000000
10000000100000001000000010000000 000000001010 0 110000000000 00000000000000
10000000100000001000000010000000 000000001010 0 110000000000 00000000000000
10000000100000001000000010000000 000000001010 0 110000000000 00000000000000
10000000100000001000000010000000 000000001010 0 110000000000 00000000000000
10000000100000001000000010000000 000000001010 0 110000000000 00000000000000
10000000100000001000000010000000 000000001010 0 110000000000 00000000000000
10000000100000001000000010000000 000000001010 0 110000000000 00000000000000
10000000100000001000000010000000 000000001010 0 110000000000 00000000000000
10000000100000001000000010000000 000000001010 0 110000000000 00000000000000
10000000100000001000000010000000 000000001010 0 110000000000 00000000000000
10000000100000001000000010000000 000000001010 0 110000000000 00000000000000
10000000100000001000000010000000 000000001010 0 110000000000 00000000000000
10000000100000001000000010000000 000000001010 0 110000000000 00000000000000
10000000100000001000000010000000 000000001010 0 110000000000 00000000000000
10000000100000001000000010000000 000000001010 0 110000000000 00000000000000
10000000100000001000000010000000 000000001010 0 110000000000 00000000000000
10000000100000001000000010000000 000000001010 0 110000000000 00000000000000
10000000100000001000000010000000 000000001010 0 110000000000 00000000000000
10000000100000001000000010000000 000000001010 0 110000000000 00000000000000
10000000100000001000000010000000 000000001010 0 110000000000 00000000000000
10000000100000001000000010000000 000000001010 0 110000000000 00000000000000
10000000100000001000000010000000 000000001010 0 110000000000 00000000000000
10000000100000001000000010000000 000000001010 0 110000000000 00000000000000
10000000100000001000000010000000 000000001010 0 110000000000 00000000000000
10000000100000001000000010000000 000000001010 0 110000000000 00000000000000
10000000100000001000000010000000 000000001010 0 110000000000 00000000000000
10000000100000001000000010000000 000000001010 0 110000000000 00000000000000
10000000100000001000000010000000 000000001010 0 110000000000 00000000000000
10000000100000001000000010000000 000000001010 0 110000000000 00000000000000
10000000100000001000000010000000 000000001010 0 110000000000 00000000000000
10000000100000001000000010000000 000000001010 0 110000000000 00000000000000
10000000100000001000000010000000 000000001010 0 110000000000 00000000000000
10000000100000001000000010000000 000000001010 0 110000000000 00000000000000
10000000100000001000000010000000 000000001010 0 110000000000 00000000000000
10000000100000001000000010000000 000000001010 0 110000000000 00000000000000
10000000100000001000000010000000 000000001010 0 110000000000 00000000000000
10000000100000001000000010000000 000000001010 0 110000000000 00000000000000
10000000100000001000000010000000 000000001010 0 110000000000 00000000000000
10000000100000001000000010000000 000000001010 0 110000000000 00000000000000
10000000100000001000000010000000 000000001010 0 110000000000 00000000000000
10000000100000001000000010000000 000000001010 0 110000000000 00000000000000
10000000100000001000000010000000 000000001010 0 110000000000 00000000000000
10000000100000001000000010000000 000000001010 0 110000000000 00000000000000
10000000100000001000000010000000 000000001010 0 110000000000 00000000000000
10000000100000001000000010000000 000000001010 0 110000000000 00000000000000
10000000100000001000000010000000 000000001010 0 110000000000 00000000000000
10000000100000001000000010000000 000000001010 0 110000000000 00000000000000
10000000100000001000000010000000 000000001010 0 110000000000 00000000000000
10000000100000001000000010000000 000000001010 0 110000000000 00000000000000
10000000100000001000000010000000 000000001010 0 110000000000 00000000000000
10000000100000001000000010000000 000000001010 0 110000000000 00000000000000
10000000100000001000000010000000 000000001010 0 110000000000 00000000000000
10000000100000001000000010000000 000000001010 0 110000000000 00000000000000
10000000100000001000000010000000 000000001010 0 110000000000 00000000000000
10000000100000001000000010000000 000000001010 0 110000000000 00000000000000
10000000100000001000000010000000 000000001010 0 110000000000 00000000000000
10000000100000001000000010000000 000000001010 0 110000000000 00000000000000
10000000100000001000000010000000 000000001010 0 110000000000 00000000000000
10000000100000001000000010000000 000000001010 0 110000000000 00000000000000
10000000100000001000000010000000 000000001010 0 110000000000 00000000000000
10000000100000001000000010000000 000000001010 0 110000000000 00000000000000
10000000100000001000000010000000 000000001010 0 110000000000 00000000000000
10000000100000001000000010000000 000000001010 0 110000000000 00000000000000
10000000100000001000000010000000 000000001010 0 110000000000 00000000000000
10000000100000001000000010000000 000000001010 0 110000000000 00000000000000
10000000100000001000000010000000 000000001010 0 110000000000 00000000000000
10000000100000001000000010000000 000000001010 0 110000000000 00000000000000
10000000100000001000000010000000 000000001010 0 110000000000 00000000000000
10000000100000001000000010000000 000000001010 0 110000000000 00000000000000
10000000100000001000000010000000 000000001010 0 110000000000 00000000000000
10000000100000001000000010000000 000000001010 0 110000000000 00000000000000
10000000100000001000000010000000 000000001010 0 110000000000 00000000000000
10000000100000001000000010000000 000000001010 0 110000000000 00000000000000
10000000100000001000000010000000 000000001010 0 110000000000 00000000000000
10000000100000001000000010000000 000000001010 0 110000000000 00000000000000
10000000100000001000000010000000 000000001010 0 110000000000 00000000000000
10000000100000001000000010000000 000000001010 0 110000000000 00000000000000
10000000100000001000000010000000 000000001010 0 110000000000 00000000000000
10000000100000001000000010000000 000000001010 0 110000000000 00000000000000
10000000100000001000000010000000 000000001010 0 110000000000 00000000000000
10000000100000001000000010000000 000000001010 0 110000000000 00000000000000
10000000100000001000000010000000 000000001010 0 110000000000 00000000000000
10000000100000001000000010000000 000000001010 0 110000000000 00000000000000
10000000100000001000000010000000 000000001010 0 110000000000 00000000000000
10000000100000001000000010000000 000000001010 0 110000000000 00000000000000
10000000100000001000000010000000 000000001010 0 110000000000 00000000000000
10000000100000001000000010000000 000000001010 0 110000000000 00000000000000
10000000100000001000000010000000 000000001010 0 110000000000 00000000000000
10000000100000001000000010000000 000000001010 0 110000000000 00000000000000
10000000100000001000000010000000 000000001010 0 110000000000 00000000000000
10000000100000001000000010000000 000000001010 0 110000000000 00000000000000
10000000100000001000000010000000 000000001010 0 110000000000 00000000000000
10000000100000001000000010000000 000000001010 0 110000000000 00000000000000
10000000100000001000000010000000 000000001010 0 110000000000 00000000000000
10000000100000001000000010000000 000000001010 0 110000000000 00000000000000
10000000100000001000000010000000 000000001010 0 110000000000 00000000000000
10000000100000001000000010000000 000000001010 0 110000000000 00000000000000
10000000100000001000000010000000 000000001010 0 110000000000 00000000000000
10000000100000001000000010000000 000000001010 0 110000000000 00000000000000
10000000100000001000000010000000 000000001010 0 110000000000 00000000000000
10000000100000001000000010000000 000000001010 0 110000000000 00000000000000
10000000100000001000000010000000 000000001010 0 110000000000 00000000000000
10000000100000001000000010000000 000000001010 0 110000000000 00000000000000
10000000100000001000000010000000 000000001010 0 110000000000 00000000000000
10000000100000001000000010000000 000000001010 0 110000000000 00000000000000
10000000100000001000000010000000 000000001010 0 110000000000 00000000000000
10000000100000001000000010000000 000000001010 0 110000000000 00000000000000
10000000100000001000000010000000 000000001010 0 110000000000 00000000000000
10000000100000001000000010000000 000000001010 0 110000000000 00000000000000
10000000100000001000000010000000 000000001010 0 110000000000 00000000000000
10000000100000001000000010000000 000000001010 0 110000000000 00000000000000
10000000100000001000000010000000 000000001010 0 110000000000 00000000000000
10000000100000001000000010000000 000000001010 0 110000000000 00000000000000
10000000100000001000000010000000 000000001010 0 110000000000 00000000000000
10000000100000001000000010000000 000000001010 0 110000000000 00000000000000
10000000100000001000000010000000 000000001010 0 110000000000 00000000000000
10000000100000001000000010000000 000000001010 0 110000000000 00000000000000
10000000100000001000000010000000 000000001010 0 110000000000 00000000000000
10000000100000001000000010000000 000000001010 0 110000000000 00000000000000
10000000100000001000000010000000 000000001010 0 110000000000 00000000000000
10000000100000001000000010000000 000000001010 0 110000000000 00000000000000
10000000100000001000000010000000 000000001010 0 110000000000 00000000000000
10000000100000001000000010000000 000000001010 0 110000000000 00000000000000
10000000100000001000000010000000 000000001010 0 110000000000 00000000000000
10000000100000001000000010000000 000000001010 0 110000000000 00000000000000
10000000100000001000000010000000 000000001010 0 110000000000 00000000000000
10000000100000001000000010000000 000000001010 0 110000000000 00000000000000
10000000100000001000000010000000 000000001010 0 110000000000 00000000000000
10000000100000001000000010000000 000000001010 0 110000000000 00000000000000
10000000100000001000000010000000 000000001010 0 110000000000 00000000000000
10000000100000001000000010000000 000000001010 0 110000000000 00000000000000
10000000100000001000000010000000 000000001010 0 110000000000 00000000000000
10000000100000001000000010000000 000000001010 0 110000000000 00000000000000
10000000100000001000000010000000 000000001010 0 110000000000 00000000000000
10000000100000001000000010000000 000000001010 0 110000000000 00000000000000
10000000100000001000000010000000 000000001010 0 110000000000 00000000000000
10000000100000001000000010000000 000000001010 0 110000000000 00000000000000
10000000100000001000000010000000 000000001010 0 110000000000 00000000000000
10000000100000001000000010000000 000000001010 0 110000000000 00000000000000
10000000100000001000000010000000 000000001010 0 110000000000 00000000000000
10000000100000001000000010000000 000000001010 0 110000000000 00000000000000
10000000100000001000000010000000 000000001010 0 110000000000 00000000000000
10000000100000001000000010000000 000000001010 0 110000000000 00000000000000
10000000100000001000000010000000 000000001010 0 110000000000 00000000000000
10000000100000001000000010000000 000000001010 0 110000000000 00000000000000
10000000100000001000000010000000 000000001010 0 110000000000 00000000000000
10000000100000001000000010000000 000000001010 0 110000000000 00000000000000
10000000100000001000000010000000 000000001010 0 110000000000 00000000000000
10000000100000001000000010000000 000000001010 0 110000000000 00000000000000
10000000100000001000000010000000 000000001010 0 110000000000 00000000000000
10000000100000001000000010000000 000000001010 0 110000000000 00000000000000
10000000100000001000000010000000 000000001010 0 110000000000 00000000000000
10000000100000001000000010000000 000000001010 0 110000000000 00000000000000
10000000100000001000000010000000 000000001010 0 110000000000 00000000000000
10000000100000001000000010000000 000000001010 0 110000000000 00000000000000
10000000100000001000000010000000 000000001010 0 110000000000 00000000000000
10000000100000001000000010000000 000000001010 0 110000000000 00000000000000
10000000100000001000000010000000 000000001010 0 110000000000 00000000000000
10000000100000001000000010000000 000000001010 0 110000000000 00000000000000
10000000100000001000000010000000 000000001010 0 110000000000 00000000000000
10000000100000001000000010000000 000000001010 0 110000000000 00000000000000
10000000100000001000000010000000 000000001010 0 110000000000 00000000000000
10000000100000001000000010000000 000000001010 0 110000000000 00000000000000
10000000100000001000000010000000 000000001010 0 110000000000 00000000000000
10000000100000001000000010000000 000000001010 0 110000000000 00000000000000
10000000100000001000000010000000 000000001010 0 110000000000 00000000000000
10000000100000001000000010000000 000000001010 0 110000000000 00000000000000
10000000100000001000000010000000 000000001010 0 110000000000 00000000000000
10000000100000001000000010000000 000000001010 0 110000000000 00000000000000
10000000100000001000000010000000 000000001010 0 110000000000 00000000000000
10000000100000001000000010000000 000000001010 0 110000000000 00000000000000
10000000100000001000000010000000 000000001010 0 110000000000 00000000000000
10000000100000001000000010000000 000000001010 0 110000000000 00000000000000
10000000100000001000000010000000 000000001010 0 110000000000 00000000000000
10000000100000001000000010000000 000000001010 0 110000000000 00000000000000
10000000100000001000000010000000 000000001010 0 110000000000 00000000000000
10000000100000001000000010000000 000000001010 0 110000000000 00000000000000
10000000100000001000000010000000 000000001010 0 110000000000 00000000000000
10000000100000001000000010000000 000000001010 0 110000000000 00000000000000
10000000100000001000000010000000 000000001010 0 110000000000 00000000000000
10000000100000001000000010000000 000000001010 0 110000000000 00000000000000
10000000100000001000000010000000 000000001010 0 110000000000 00000000000000
10000000100000001000000010000000 000000001010 0 110000000000 00000000000000
10000000100000001000000010000000 000000001010 0 110000000000 00000000000000
10000000100000001000000010000000 000000001010 0 110000000000 00000000000000
10000000100000001000000010000000 000000001010 0 110000000000 00000000000000
10000000100000001000000010000000 000000001010 0 110000000000 00000000000000
10000000100000001000000010000000 000000001010 0 110000000000 00000000000000
10000000100000001000000010000000 000000001010 0 110000000000 00000000000000
10000000100000001000000010000000 000000001010 0 110000000000 00000000000000
10000000100000001000000010000000 000000001010 0 110000000000 00000000000000
10000000100000001000000010000000 000000001010 0 110000000000 00000000000000
10000000100000001000000010000000 000000001010 0 110000000000 00000000000000
10000000100000001000000010000000 000000001010 0 110000000000 00000000000000
10000000100000001000000010000000 000000001010 0 110000000000 00000000000000
10000000100000001000000010000000 000000001010 0 110000000000 00000000000000
10000000100000001000000010000000 000000001010 0 110000000000 00000000000000
10000000100000001000000010000000 000000001010 0 110000000000 00000000000000
10000000100000001000000010000000 000000001010 0 110000000000 00000000000000
10000000100000001000000010000000 000000001010 0 110000000000 00000000000000
10000000100000001000000010000000 000000001010 0 110000000000 00000000000000
10000000100000001000000010000000 000000001010 0 110000000000 00000000000000
10000000100000001000000010000000 000000001010 0 110000000000 00000000000000
10000000100000001000000010000000 000000001010 0 110000000000 00000000000000
10000000100000001000000010000000 000000001010 0 110000000000 00000000000000
10000000100000001000000010000000 000000001010 0 110000000000 00000000000000
10000000100000001000000010000000 000000001010 0 110000000000 00000000000000
10000000100000001000000010000000 000000001010 0 110000000000 00000000000000
10000000100000001000000010000000 000000001010 0 110000000000 00000000000000
10000000100000001000000010000000 000000001010 0 110000000000 00000000000000
10000000100000001000000010000000 000000001010 0 110000000000 00000000000000
10000000100000001000000010000000 000000001010 0 110000000000 00000000000000
10000000100000001000000010000000 000000001010 0 110000000000 00000000000000
10000000100000001000000010000000 000000001010 0 110000000000 00000000000000
10000000100000001000000010000000 000000001010 0 110000000000 00000000000000
10000000100000001000000010000000 000000001010 0 110000000000 00000000000000
10000000100000001000000010000000 000000001010 0 110000000000 00000000000000
10000000100000001000000010000000 000000001010 0 110000000000 00000000000000
